
strategic_region={
	id=184
	name="STRATEGICREGION_184"
	provinces={
		191 988 1516 1552 1731 1817 1903 1929 1950 1968 2024 2034 2073 2080 2115 2126 2192 3109 4128 4515 4735 5036 5054 5117 5139 5158 6008 6027 6039 7161 7219 7548 7716 7931 7963 8016 8048 8054 8138 8193 8202 8207 8219 8244 8248 9137 9986 10025 10071 10766 10858 10883 10948 10951 10966 10968 11194 11934 12391 12741 12775 12795 12808 12824 12847 12896 12907 12925 12945 12958 12975 12981 12985 13210 13766 13767 13768 13769 13770 13771 13772 13773 13774 13775 13776 13777 13778 13779 13780 13781 13782 13783 13784 13785 13786 13787 13788 13789 13790 13791 13792 13793 13794 13795 13796 13797 13798 13799 15126 15127 15128 15129 15130 15131 15132 15133 15134 15135 15136 15137 15138 15139 15140 15141 15142 15143 15144 15145 15146 15147 15148 15149 15150 15151 15152 15153 15154 15155 15156 15157 15158 15159 15160 15161 15162 15163 15164 15165 15166 15167 15168 15169 15170 15171 15172 15173 15174 15175 15176 15177 15178 15179 15180 15181 15182 15183 15184 15185 15186 15187 15188 15189 15190 15191 15192 15193 15194 15195 15196 15197 15198 15199 15200 15201 15202 15203 15205 15206 15207 15208 15209 15210 15211 15212 15213 15215 15217 15218 15219 15220 15221 15222 15223 15224 15225 15226 15230 15231 15232 15233 15234 15236 15237 15238 15239 15241 15244 15245 15246 15247 15248 15250 15252 15253 15254 15255 15256 15260 15261 15262 15267 15268 15271 15273 15277 15280 15294 15295 15296 15297 15298 15299 15300 15301 15302 15303 15304 15305 15306 15307 15308 15309 15310 15311 15312 15313 15314 15315 15316 15317 15318 15319 15320 15321 15322 15323 15324 15325 15326 15327 15328 15329 15330 15331 15332 15333 15334 15335 15336 15337 15338 15339 15340 15341 15342 15343 15344 15345 15346 15347 15348 15349 15350 15351 15352 15353 15354 15355 15356 15357 15358 15359 15360 15361 15362 15363 15364 15365 15366 15367 15368 15369 15370 15371 15372 15373 15374 15375 15376 15377 15378 15379 15380 15381 15382 15383 15384 15385 15386 15387 15388 15389 15390 15391 15392 15393 15394 15395 15396 15397 15398 15399 15400 15401 15402 15403 15404 15405 15406 15407 15408 15409 15410 15411 15412 15413 15414 15415 15416 15417 15418 15419 15420 15421 15422 15423 15424 15425 15426 15427 15428 15429 15430 15431 15432 15433 15434 15435 15436 15437 15438 15439 15440 15441 15442 15443 15444 15445 15446 15449 15450 15452 15453 15454 15455 15456 15457 15458 15459 15463 15464 15465 15466 15468 15469 15471 15472 15473 15474 15475 15476 15478 15480 15481 15483 15484 15485 15486 15487 15488 15489 15490 15493 15494 15495 15496 15497 15498 15500 15502 15503 15504 15505 15506 15507 15508 15522 15523 15524 15525 15526 15527 15528 15529 15530 15531 15532 15533 15534 15535 15536 15537 15538 15539 15540 15541 15542 15543 15544 15545 15546 15547 15548 15549 15550 15551 15552 15553 15554 15555 15556 15557 15558 15559 15560 15561 15562 15563 15564 15565 15566 15567 15568 15569 15570 15571 15572 15573 15574 15575 15576 15577 15578 15579 15631 15632 15633 15635 15638 15642 15643 15644 15645 15648 15649 15650 15651 15653 15655 15659 15660 15663 15664 15665 15670 15671 15672 15674 15678 15680 15683 15685 15688 15689 15691 15693 15694 15695 15699 15700 15701 15702 15704 15706 15709 15713 15714 15715 15717 15719 15720 15723 15724 15725 15727 15730 15731 15732 15734 15737 15738 15740 15741 15743 15747 15749 15750 15751 15752 15755 15756 15757 15761 15763 15764 15766 15767 15768 15770 15771 15774 15775 15776 15777 15780 15781 15782 15786 15788 15789 15790 15791 15792 15793 15794 15795 15797 15799 15800 15801 15802 15804 15805 15806 15807 15808 15809 15811 15812 15813 15814 15815 15816 15817 15818 15819 15820 15821 15822 15823 15824 15825 15826 15827 15828 15829 15830 15831 15832 15833 15834 15835 15836 15837 15838 15839 15840 15841 15842 15843 15844 15845 15846 15847 15848 15849 15850 15851 15852 15853 15854 15855 15856 15857 15858 15859 15860 15861 15862 15863 15864 15865 15866 15867 15868 15869 15870 15871 15872 15873 15874 16087 16088 16089 16090 16091 16092 16093 16094 16095 16096 16098 16099 16100 16101 16102 16103 16104 16106 16110 16111 16112 16114 16115 16116 16118 16120 16125 16128 16130 16131 16133 16139 16144 16147 16148 16154 16160 16164 16170 16177 16178 16181 16183 16188 16190 16197 16199 16213 16226 16232 16235 16245 16301 
	}
	weather={
		period={
			between={ 0.0 30.0 }
			temperature={ 25.0 30.0 }
			temperature_day_night={ 14.0 -14.0 }
			no_phenomenon=0.900
			rain_light=0.000
			rain_heavy=0.100
			snow=0.000
			blizzard=0.000
			arctic_water=0.000
			mud=1.000
			sandstorm=0.000
			min_snow_level=0.000
		}
		period={
			between={ 0.1 27.1 }
			temperature={ 25.0 30.0 }
			temperature_day_night={ 13.0 -13.0 }
			no_phenomenon=0.750
			rain_light=0.000
			rain_heavy=0.250
			snow=0.000
			blizzard=0.000
			arctic_water=0.000
			mud=1.000
			sandstorm=0.000
			min_snow_level=0.000
		}
		period={
			between={ 0.2 30.2 }
			temperature={ 27.0 30.0 }
			temperature_day_night={ 10.0 -10.0 }
			no_phenomenon=0.600
			rain_light=0.100
			rain_heavy=0.300
			snow=0.000
			blizzard=0.000
			arctic_water=0.000
			mud=1.000
			sandstorm=0.000
			min_snow_level=0.000
		}
		period={
			between={ 0.3 29.3 }
			temperature={ 26.0 30.0 }
			temperature_day_night={ 10.0 -10.0 }
			no_phenomenon=0.500
			rain_light=0.200
			rain_heavy=0.300
			snow=0.000
			blizzard=0.000
			arctic_water=0.000
			mud=1.000
			sandstorm=0.000
			min_snow_level=0.000
		}
		period={
			between={ 0.4 30.4 }
			temperature={ 26.0 29.0 }
			temperature_day_night={ 10.0 -10.0 }
			no_phenomenon=0.500
			rain_light=0.200
			rain_heavy=0.300
			snow=0.000
			blizzard=0.000
			arctic_water=0.000
			mud=1.000
			sandstorm=0.000
			min_snow_level=0.000
		}
		period={
			between={ 0.5 29.5 }
			temperature={ 26.0 28.0 }
			temperature_day_night={ 10.0 -10.0 }
			no_phenomenon=0.400
			rain_light=0.200
			rain_heavy=0.400
			snow=0.000
			blizzard=0.000
			arctic_water=0.000
			mud=1.000
			sandstorm=0.000
			min_snow_level=0.000
		}
		period={
			between={ 0.6 30.6 }
			temperature={ 26.0 28.0 }
			temperature_day_night={ 8.0 -8.0 }
			no_phenomenon=0.400
			rain_light=0.200
			rain_heavy=0.400
			snow=0.000
			blizzard=0.000
			arctic_water=0.000
			mud=1.000
			sandstorm=0.000
			min_snow_level=0.000
		}
		period={
			between={ 0.7 30.7 }
			temperature={ 26.0 28.0 }
			temperature_day_night={ 9.0 -9.0 }
			no_phenomenon=0.700
			rain_light=0.100
			rain_heavy=0.200
			snow=0.000
			blizzard=0.000
			arctic_water=0.000
			mud=1.000
			sandstorm=0.000
			min_snow_level=0.000
		}
		period={
			between={ 0.8 29.8 }
			temperature={ 26.0 28.0 }
			temperature_day_night={ 9.0 -9.0 }
			no_phenomenon=0.700
			rain_light=0.100
			rain_heavy=0.200
			snow=0.000
			blizzard=0.000
			arctic_water=0.000
			mud=1.000
			sandstorm=0.000
			min_snow_level=0.000
		}
		period={
			between={ 0.9 30.9 }
			temperature={ 26.0 28.0 }
			temperature_day_night={ 9.0 -9.0 }
			no_phenomenon=0.700
			rain_light=0.100
			rain_heavy=0.200
			snow=0.000
			blizzard=0.000
			arctic_water=0.000
			mud=1.000
			sandstorm=0.000
			min_snow_level=0.000
		}
		period={
			between={ 0.10 29.10 }
			temperature={ 26.0 28.0 }
			temperature_day_night={ 10.0 -10.0 }
			no_phenomenon=0.600
			rain_light=0.000
			rain_heavy=0.400
			snow=0.000
			blizzard=0.000
			arctic_water=0.000
			mud=1.000
			sandstorm=0.000
			min_snow_level=0.000
		}
		period={
			between={ 0.11 30.11 }
			temperature={ 24.0 28.0 }
			temperature_day_night={ 12.0 -12.0 }
			no_phenomenon=0.900
			rain_light=0.000
			rain_heavy=0.100
			snow=0.000
			blizzard=0.000
			arctic_water=0.000
			mud=1.000
			sandstorm=0.000
			min_snow_level=0.000
		}
		period={
			between={ 4.11 21.11 }
			temperature={ -10.0 35.0 }
			temperature_day_night={ 2.0 -2.0 }
			no_phenomenon=1.500
			rain_light=0.250
			rain_heavy=0.100
			snow=0.000
			blizzard=0.000
			arctic_water=0.000
			mud=0.000
			sandstorm=0.000
			min_snow_level=0.000
		}
	}
}
