
state={
	id=504
	name="STATE_504"

	history={
		owner = BRA
		buildings = {
			infrastructure = 2

		}
		add_core_of = BRA

	}

	provinces={
		2181 5200 8224 10959 12951 18975 18978 18980 18981 18982 19323 19324 19325 19326 19327 19328 19329 19330 19331 19332 19333 19334 19335 19336 19337 19338 19339 19340 19341 19342 19343 19344 19345 19346 19347 19348 19349 19350 19351 19352 19353 19354 19355 19356 19357 19358 19359 19360 19362 19363 19364 19365 19368 19369 19370 19371 19373 19374 19377 19379 19381 
	}
	manpower=329900
	buildings_max_level_factor=1.000
	state_category=rural
}
