
state={
	id=505
	name="STATE_505"

	history={
		owner = BRA
		buildings = {
			infrastructure = 2

		}
		add_core_of = BRA

	}

	provinces={
		2168 5151 5208 12959 18986 19567 19568 19571 19572 19573 19578 19579 19582 19584 19586 19588 19589 19591 19593 19594 19595 19596 19597 19598 19599 19600 19601 19602 19603 19604 19605 19606 19607 19608 19609 19610 19611 19612 19613 19614 19615 19616 19617 19618 19619 19620 19621 19622 19623 19624 19625 19626 19627 19628 19629 19630 19631 
	}
	manpower=662200
	buildings_max_level_factor=1.000
	state_category=rural
}
